[[  0 207 830 231 967 536 674   0   0   0]
 [207   0 951 922 553 683 586   0   0   0]
 [830 951   0 556 232 222 634 175   0   0]
 [231 922 556   0 818 672 763 263 145   0]
 [967 553 232 818   0 221 379 399 946 637]
 [536 683 222 672 221   0 665 800 117 510]
 [674 586 634 763 379 665   0 487 585 206]
 [  0   0 175 263 399 800 487   0 624 492]
 [  0   0   0 145 946 117 585 624   0 253]
 [  0   0   0   0 637 510 206 492 253   0]]
next
[[  0 806 202 138 156 201 733 998 658 747 154   0   0   0   0   0   0   0
    0   0]
 [806   0 222 410 571 895 103 319 917 675 114 637   0   0   0   0   0   0
    0   0]
 [202 222   0 724  11 314 996 235 915 738 460 861 992   0   0   0   0   0
    0   0]
 [138 410 724   0 159 426 151 287 908 246 839 438 886 553   0   0   0   0
    0   0]
 [156 571  11 159   0  73 212 390 419 610 308 889 435 494 754   0   0   0
    0   0]
 [201 895 314 426  73   0 983 511 891 927 271 713 664 493 205 869   0   0
    0   0]
 [733 103 996 151 212 983   0 304 362 489 420 955 122 720 198  92   0   0
    0   0]
 [998 319 235 287 390 511 304   0 470 208 790  68 737 330 668 683 974   0
    0   0]
 [658 917 915 908 419 891 362 470   0 958 304  77 428 545 116 435 383 134
    0   0]
 [747 675 738 246 610 927 489 208 958   0   7 102  23 660 647 719 735 490
  277   0]
 [154 114 460 839 308 271 420 790 304   7   0 210 820 256 473 605 256 970
  963 621]
 [  0 637 861 438 889 713 955  68  77 102 210   0 858 665 170 188 892 137
  972   6]
 [  0   0 992 886 435 664 122 737 428  23 820 858   0 958 176 304 231 312
  142 376]
 [  0   0   0 553 494 493 720 330 545 660 256 665 958   0 565 816 290 791
  732 428]
 [  0   0   0   0 754 205 198 668 116 647 473 170 176 565   0 446 389  73
  568 662]
 [  0   0   0   0   0 869  92 683 435 719 605 188 304 816 446   0 605 896
   77 914]
 [  0   0   0   0   0   0   0 974 383 735 256 892 231 290 389 605   0 754
  835 220]
 [  0   0   0   0   0   0   0   0 134 490 970 137 312 791  73 896 754   0
  494 842]
 [  0   0   0   0   0   0   0   0   0 277 963 972 142 732 568  77 835 494
    0 829]
 [  0   0   0   0   0   0   0   0   0   0 621   6 376 428 662 914 220 842
  829   0]]
next
[[  0 355 325 348 277 703 865 300 999 524 505 601 953 644 628 622   0   0
    0   0   0   0   0   0   0   0   0   0   0   0]
 [355   0 783 144 507 743  45  53 713  75 987 729 385 540 313 650   0   0
    0   0   0   0   0   0   0   0   0   0   0   0]
 [325 783   0 381 252 933 986 836 512 834 124 398 988 855 589 807 481   0
    0   0   0   0   0   0   0   0   0   0   0   0]
 [348 144 381   0 460 911 311  59 757 270  83 131 122 191 514 902 173 913
    0   0   0   0   0   0   0   0   0   0   0   0]
 [277 507 252 460   0 810 427 622 597 892  26 340 825 726 394 933 132 149
  746   0   0   0   0   0   0   0   0   0   0   0]
 [703 743 933 911 810   0 370 886 527 691 733 236 260 576 299 827 556 794
  523 753   0   0   0   0   0   0   0   0   0   0]
 [865  45 986 311 427 370   0 994 830 398 862  18 453 170 630  84 526 665
  647 371 978   0   0   0   0   0   0   0   0   0]
 [300  53 836  59 622 886 994   0 211 812  89 551 910 943 411 146 692 890
  331 110  25 626   0   0   0   0   0   0   0   0]
 [999 713 512 757 597 527 830 211   0 660 688 573 323 822 421 427 305 415
  580 234 210 723 702   0   0   0   0   0   0   0]
 [524  75 834 270 892 691 398 812 660   0 158 873 181 558 223 567 258 823
  689 571 539 542 939 928   0   0   0   0   0   0]
 [505 987 124  83  26 733 862  89 688 158   0 848 166 475 947 379 136 134
  886  54 265 413 430 619 214   0   0   0   0   0]
 [601 729 398 131 340 236  18 551 573 873 848   0 269 701 644 323 223 373
  547 625 732 987 319 760 253 165   0   0   0   0]
 [953 385 988 122 825 260 453 910 323 181 166 269   0 696 523 942 772 208
  639 626 215  65 210 434 910 524 536   0   0   0]
 [644 540 855 191 726 576 170 943 822 558 475 701 696   0 707 504 811 644
   29 488 782 564 320 911 409 868 617 647   0   0]
 [628 313 589 514 394 299 630 411 421 223 947 644 523 707   0 803 483 928
  724 453 878 795 655 564  22 723 604  73 112   0]
 [622 650 807 902 933 827  84 146 427 567 379 323 942 504 803   0 121 542
  271 123  42 813 645   8 244 211 373 511 178 507]
 [  0   0 481 173 132 556 526 692 305 258 136 223 772 811 483 121   0 292
  689 282 956 589 193 124  46   6 718 172 716 119]
 [  0   0   0 913 149 794 665 890 415 823 134 373 208 644 928 542 292   0
  411 833 150 963 513 890 767 311 571 180  46 343]
 [  0   0   0   0 746 523 647 331 580 689 886 547 639  29 724 271 689 411
    0 156 540 381 835 940 388 290 821 242 815 299]
 [  0   0   0   0   0 753 371 110 234 571  54 625 626 488 453 123 282 833
  156   0 250 317 164 885  62 485 523 702  93 227]
 [  0   0   0   0   0   0 978  25 210 539 265 732 215 782 878  42 956 150
  540 250   0  53 706 496 238 316 934 346 436 734]
 [  0   0   0   0   0   0   0 626 723 542 413 987  65 564 795 813 589 963
  381 317  53   0 174  74 970 934 706 185  78 728]
 [  0   0   0   0   0   0   0   0 702 939 430 319 210 320 655 645 193 513
  835 164 706 174   0 657 627 127 905 101 698 882]
 [  0   0   0   0   0   0   0   0   0 928 619 760 434 911 564   8 124 890
  940 885 496  74 657   0 338 545 884 855 266 585]
 [  0   0   0   0   0   0   0   0   0   0 214 253 910 409  22 244  46 767
  388  62 238 970 627 338   0 416 862 973 802 830]
 [  0   0   0   0   0   0   0   0   0   0   0 165 524 868 723 211   6 311
  290 485 316 934 127 545 416   0 664 693 971  61]
 [  0   0   0   0   0   0   0   0   0   0   0   0 536 617 604 373 718 571
  821 523 934 706 905 884 862 664   0 669 186 606]
 [  0   0   0   0   0   0   0   0   0   0   0   0   0 647  73 511 172 180
  242 702 346 185 101 855 973 693 669   0 237  10]
 [  0   0   0   0   0   0   0   0   0   0   0   0   0   0 112 178 716  46
  815  93 436  78 698 266 802 971 186 237   0  91]
 [  0   0   0   0   0   0   0   0   0   0   0   0   0   0   0 507 119 343
  299 227 734 728 882 585 830  61 606  10  91   0]]
next
[[  0 140 379 160 250 977 316 440 991 961 485  24 802 140 937 459 823 851
  584 672   0   0   0   0   0   0   0   0   0   0   0   0   0   0   0   0
    0   0   0   0]
 [140   0 190 482 532   2 521 954 169 156 478 799 162 296  14 150 386 242
  909  36 230   0   0   0   0   0   0   0   0   0   0   0   0   0   0   0
    0   0   0   0]
 [379 190   0  44 863  26 793 996 183 795 290 717 262 809 443 275 713 774
    3 919 636  88   0   0   0   0   0   0   0   0   0   0   0   0   0   0
    0   0   0   0]
 [160 482  44   0 931 714 498 283 342 921 318 335 334 408 282 441 232 546
  801 839 972 468 182   0   0   0   0   0   0   0   0   0   0   0   0   0
    0   0   0   0]
 [250 532 863 931   0 361 271 806 688 298  82 616 886 910 659 427 281 252
  748 703 851 726 172 522   0   0   0   0   0   0   0   0   0   0   0   0
    0   0   0   0]
 [977   2  26 714 361   0 153 288 796 347 651 341 378  40 175 827 488 682
  792 486 480 864 384 497 892   0   0   0   0   0   0   0   0   0   0   0
    0   0   0   0]
 [316 521 793 498 271 153   0 146 367  65  63  37 808 436 972 662 752 323
  334 769  51 547 442 698 442 135   0   0   0   0   0   0   0   0   0   0
    0   0   0   0]
 [440 954 996 283 806 288 146   0 869 850 283 946 991 568 225  24 707 889
  603 440 678 384 102 514 786 308 631   0   0   0   0   0   0   0   0   0
    0   0   0   0]
 [991 169 183 342 688 796 367 869   0 897  54 913 951 943 759 606 619 566
  630 289  43 837 521 269 598 648 871 756   0   0   0   0   0   0   0   0
    0   0   0   0]
 [961 156 795 921 298 347  65 850 897   0 856 854 473  23 188 371 532 123
  799 743 144 631 315 581 193 376 171 414 807   0   0   0   0   0   0   0
    0   0   0   0]
 [485 478 290 318  82 651  63 283  54 856   0 173 158 869  20 815 730 725
  890  14 753 596 783 319 137 673 828  79 150  92   0   0   0   0   0   0
    0   0   0   0]
 [ 24 799 717 335 616 341  37 946 913 854 173   0 326 367 681 648 934 751
  903 845 510 218 429 760 106 295 979 838 612 371 347   0   0   0   0   0
    0   0   0   0]
 [802 162 262 334 886 378 808 991 951 473 158 326   0 399 619 617 794 374
  467 148 478 742 302 103 273 726 476 320 489 486 186   0   0   0   0   0
    0   0   0   0]
 [140 296 809 408 910  40 436 568 943  23 869 367 399   0 414 739  80 705
  233  52 634 360 998 345 798 636 572 367 311 963 813  17   0   0   0   0
    0   0   0   0]
 [937  14 443 282 659 175 972 225 759 188  20 681 619 414   0 761 841 247
  324 447 928  83 848 931  15 388 467 153  29 409 994 851 683   0   0   0
    0   0   0   0]
 [459 150 275 441 427 827 662  24 606 371 815 648 617 739 761   0  62 452
  109  71  64 182 963 108 701 790 722 515 611 899 509 736 725 972   0   0
    0   0   0   0]
 [823 386 713 232 281 488 752 707 619 532 730 934 794  80 841  62   0 657
  996 596 560 629 876 670 537 259 291 247 118 121 557 494 794 105 728   0
    0   0   0   0]
 [851 242 774 546 252 682 323 889 566 123 725 751 374 705 247 452 657   0
  700 421 758 168 599 240  33 683 425 480 228 382 785 479 326 454 861 442
    0   0   0   0]
 [584 909   3 801 748 792 334 603 630 799 890 903 467 233 324 109 996 700
    0  46 409 216 189 325 150 434 381 524 787  48 207  35 310 498 683  30
  202   0   0   0]
 [672  36 919 839 703 486 769 440 289 743  14 845 148  52 447  71 596 421
   46   0 782 763 320 588 292 216 415 674 684 102 425 202 542 195 661 615
  963 722   0   0]
 [  0 230 636 972 851 480  51 678  43 144 753 510 478 634 928  64 560 758
  409 782   0 183 423 884 667 677 343 964 150 726  25 881 724 156 717 275
  158  35 500   0]
 [  0   0  88 468 726 864 547 384 837 631 596 218 742 360  83 182 629 168
  216 763 183   0 186 167 346 574 854 243 949 482 125 369 356 248 880 880
  196 240 137 854]
 [  0   0   0 182 172 384 442 102 521 315 783 429 302 998 848 963 876 599
  189 320 423 186   0 991 758  27 726 837 424 864 345 870 566  57 961 211
  593 772 409 394]
 [  0   0   0   0 522 497 698 514 269 581 319 760 103 345 931 108 670 240
  325 588 884 167 991   0 119 317 507 455 154 825 278 705 169 201 781 178
  901 361 992 196]
 [  0   0   0   0   0 892 442 786 598 193 137 106 273 798  15 701 537  33
  150 292 667 346 758 119   0 391 805 559 172 224 821 531 616 936 636 604
   59 502 390 769]
 [  0   0   0   0   0   0 135 308 648 376 673 295 726 636 388 790 259 683
  434 216 677 574  27 317 391   0 592 897 649 417 750 626 609  53 404 456
  377 622 882 547]
 [  0   0   0   0   0   0   0 631 871 171 828 979 476 572 467 722 291 425
  381 415 343 854 726 507 805 592   0 346 937 528 810 293 267 461 890 443
  256 864 159 759]
 [  0   0   0   0   0   0   0   0 756 414  79 838 320 367 153 515 247 480
  524 674 964 243 837 455 559 897 346   0 223 625 130 961 311  68 621 596
  272 569 705 735]
 [  0   0   0   0   0   0   0   0   0 807 150 612 489 311  29 611 118 228
  787 684 150 949 424 154 172 649 937 223   0 917 794 454 971 912 751 447
  104 150 571 923]
 [  0   0   0   0   0   0   0   0   0   0  92 371 486 963 409 899 121 382
   48 102 726 482 864 825 224 417 528 625 917   0 101 501 483 217 623 776
  579 220 561  16]
 [  0   0   0   0   0   0   0   0   0   0   0 347 186 813 994 509 557 785
  207 425  25 125 345 278 821 750 810 130 794 101   0 903 759 748 745 550
  173 255 861 595]
 [  0   0   0   0   0   0   0   0   0   0   0   0   0  17 851 736 494 479
   35 202 881 369 870 705 531 626 293 961 454 501 903   0 799 869  31 914
  135 609 571 544]
 [  0   0   0   0   0   0   0   0   0   0   0   0   0   0 683 725 794 326
  310 542 724 356 566 169 616 609 267 311 971 483 759 799   0 906 491 860
  859 657 961  36]
 [  0   0   0   0   0   0   0   0   0   0   0   0   0   0   0 972 105 454
  498 195 156 248  57 201 936  53 461  68 912 217 748 869 906   0 411 717
  896 386 712 541]
 [  0   0   0   0   0   0   0   0   0   0   0   0   0   0   0   0 728 861
  683 661 717 880 961 781 636 404 890 621 751 623 745  31 491 411   0 270
  162 500 176 216]
 [  0   0   0   0   0   0   0   0   0   0   0   0   0   0   0   0   0 442
   30 615 275 880 211 178 604 456 443 596 447 776 550 914 860 717 270   0
  879 664 568 411]
 [  0   0   0   0   0   0   0   0   0   0   0   0   0   0   0   0   0   0
  202 963 158 196 593 901  59 377 256 272 104 579 173 135 859 896 162 879
    0 296 909 264]
 [  0   0   0   0   0   0   0   0   0   0   0   0   0   0   0   0   0   0
    0 722  35 240 772 361 502 622 864 569 150 220 255 609 657 386 500 664
  296   0 902 218]
 [  0   0   0   0   0   0   0   0   0   0   0   0   0   0   0   0   0   0
    0   0 500 137 409 992 390 882 159 705 571 561 861 571 961 712 176 568
  909 902   0 253]
 [  0   0   0   0   0   0   0   0   0   0   0   0   0   0   0   0   0   0
    0   0   0 854 394 196 769 547 759 735 923  16 595 544  36 541 216 411
  264 218 253   0]]
next
[[  0 162  63 592 683 424 779 432 851 450 200 203 782 760 452 670 749 405
  770 795 687 714 726  99 545   0   0   0   0   0   0   0   0   0   0   0
    0   0   0   0   0   0   0   0   0   0   0   0   0   0]
 [162   0 119 163 650 194 209 105 692 200 842 542 372 411 528 102 701 387
  550 233 932 442 625 794 397 163   0   0   0   0   0   0   0   0   0   0
    0   0   0   0   0   0   0   0   0   0   0   0   0   0]
 [ 63 119   0 905 392 413 677 725 135 581 302 478 381 425 269 694 101 848
  290 542 615 184 963 431 444 929   0   0   0   0   0   0   0   0   0   0
    0   0   0   0   0   0   0   0   0   0   0   0   0   0]
 [592 163 905   0 341 154 765 877 186 145 371 658  39 219 793 976 689 760
  713 216 841 969 907 740 169 445 483   0   0   0   0   0   0   0   0   0
    0   0   0   0   0   0   0   0   0   0   0   0   0   0]
 [683 650 392 341   0 503  23 700 376 172  45 183 664 147 185 250 189 925
  651 630 486 238 554  74 810 973 980 128   0   0   0   0   0   0   0   0
    0   0   0   0   0   0   0   0   0   0   0   0   0   0]
 [424 194 413 154 503   0 234 485 118 448 354 276 859 308 669  85 105 678
  870 881 280 348 291 150   5 766 200 671 600   0   0   0   0   0   0   0
    0   0   0   0   0   0   0   0   0   0   0   0   0   0]
 [779 209 677 765  23 234   0 817 310 143 235 235 419 240 939 767 991 224
  986 496 202 158 252 657 572 894 233  92 125 376   0   0   0   0   0   0
    0   0   0   0   0   0   0   0   0   0   0   0   0   0]
 [432 105 725 877 700 485 817   0 519 766 881 753  75 688 927 209 896 863
  149 385 880 944 181 248 185 385 176 464 741 895 950   0   0   0   0   0
    0   0   0   0   0   0   0   0   0   0   0   0   0   0]
 [851 692 135 186 376 118 310 519   0 866 178 887 699 633 228 937 496 867
  477  69 639 810 156 997  96  49 564 603 365 301 325 901   0   0   0   0
    0   0   0   0   0   0   0   0   0   0   0   0   0   0]
 [450 200 581 145 172 448 143 766 866   0  30 789 257 795  33 301 667 176
  844 711 876 477 546 828 692 713 541 281 894 538 557 938 746   0   0   0
    0   0   0   0   0   0   0   0   0   0   0   0   0   0]
 [200 842 302 371  45 354 235 881 178  30   0  52 477 327 279 162 459 839
  180 734 406 382 109  68 436 323  49 989 102 266 254 238 360 783   0   0
    0   0   0   0   0   0   0   0   0   0   0   0   0   0]
 [203 542 478 658 183 276 235 753 887 789  52   0 216 312 151 587 813 607
  152  63  77 725 359 312 283 238  86 368 302 650 544 277 100 479 942   0
    0   0   0   0   0   0   0   0   0   0   0   0   0   0]
 [782 372 381  39 664 859 419  75 699 257 477 216   0 174 563 238 334 903
  652  89 198 657 978 358 303 207 646  52 572 898 252 528  59 389 510 209
    0   0   0   0   0   0   0   0   0   0   0   0   0   0]
 [760 411 425 219 147 308 240 688 633 795 327 312 174   0 118 269 637 287
   76 877  80 355 295 373 866 940 842 969 471 124 801 867 232 616  75 727
  351   0   0   0   0   0   0   0   0   0   0   0   0   0]
 [452 528 269 793 185 669 939 927 228  33 279 151 563 118   0 708 585   9
  542  37 862  98 147 201 632 738  22 376 927 874 635 999  46 935 901 381
  623 191   0   0   0   0   0   0   0   0   0   0   0   0]
 [670 102 694 976 250  85 767 209 937 301 162 587 238 269 708   0  88 750
  646 362 627 452 581 685 791 226 104 573 549 416 939 917 413 382 444 774
  278 588  51   0   0   0   0   0   0   0   0   0   0   0]
 [749 701 101 689 189 105 991 896 496 667 459 813 334 637 585  88   0 254
  390  24 524  87 309 126 961 788 468 646 110 195 456 371 359 597 731 821
  822 918 207 281   0   0   0   0   0   0   0   0   0   0]
 [405 387 848 760 925 678 224 863 867 176 839 607 903 287   9 750 254   0
  603 521 464 480 828 270 387 667 301 277 494 610 863 512  67 986 870 572
  428 494 777 128 533   0   0   0   0   0   0   0   0   0]
 [770 550 290 713 651 870 986 149 477 844 180 152 652  76 542 646 390 603
    0 667 242 586 307 233 536 389 110   9 474 508 644  53  56 149 549 225
  674 586 444 393 494 966   0   0   0   0   0   0   0   0]
 [795 233 542 216 630 881 496 385  69 711 734  63  89 877  37 362  24 521
  667   0 732 473 441 951 281 608  15 833 818 193 154 538 709 484 581 854
   54 567  86 278 215 498 926   0   0   0   0   0   0   0]
 [687 932 615 841 486 280 202 880 639 876 406  77 198  80 862 627 524 464
  242 732   0 480 521 221 260 254 843 913 623 388 638 536 313 886 466 675
  270 806 273 442 609 608 898 454   0   0   0   0   0   0]
 [714 442 184 969 238 348 158 944 810 477 382 725 657 355  98 452  87 480
  586 473 480   0 906 878 219 480 110 459  31 871 907 841 993 742 660 705
  294 623 510 315 946 441 322 444 417   0   0   0   0   0]
 [726 625 963 907 554 291 252 181 156 546 109 359 978 295 147 581 309 828
  307 441 521 906   0 623 808 561 133 659 838 132 971 152 844 274 222  62
  444 893  20 925 970 319 342 641 527  41   0   0   0   0]
 [ 99 794 431 740  74 150 657 248 997 828  68 312 358 373 201 685 126 270
  233 951 221 878 623   0 391 875 113 563 224 941 661 925 486 224 279 226
  962 496 306 417 824 908 288 136 100 225 748   0   0   0]
 [545 397 444 169 810   5 572 185  96 692 436 283 303 866 632 791 961 387
  536 281 260 219 808 391   0 115 884  54 221 819   9 285 198 892 165 262
  441 474 643 453 745 213 195 379 240 686 562 980   0   0]
 [  0 163 929 445 973 766 894 385  49 713 323 238 207 940 738 226 788 667
  389 608 254 480 561 875 115   0 778 434 254 472 313 346  88 633 656 421
  458 946  68 597  52  26 226 670   6 768 392  96 576   0]
 [  0   0   0 483 980 200 233 176 564 541  49  86 646 842  22 104 468 301
  110  15 843 110 133 113 884 778   0 473 888 519 967 710 388 765 199 872
  726 704 611 240 916  25  42 537 902 762 784  18 700 272]
 [  0   0   0   0 128 671  92 464 603 281 989 368  52 969 376 573 646 277
    9 833 913 459 659 563  54 434 473   0 701 216  63 260 338 852 983 118
  768 446 127 289  31 896 411  66 987 921 677 418 514 394]
 [  0   0   0   0   0 600 125 741 365 894 102 302 572 471 927 549 110 494
  474 818 623  31 838 224 221 254 888 701   0 743 455 347 289 717 901 984
  311 101 616 931 512 648 501  46 400 864 828 372 126 663]
 [  0   0   0   0   0   0 376 895 301 538 266 650 898 124 874 416 195 610
  508 193 388 871 132 941 819 472 519 216 743   0 323 869 375 875 188 546
  818 673  86 847 427 448 534 409 668 805 401 864 827 586]
 [  0   0   0   0   0   0   0 950 325 557 254 544 252 801 635 939 456 863
  644 154 638 907 971 661   9 313 967  63 455 323   0 728 955 154 225 852
  868  44 339 574 395 626  55 533 139 623 637 645 886 574]
 [  0   0   0   0   0   0   0   0 901 938 238 277 528 867 999 917 371 512
   53 538 536 841 152 925 285 346 710 260 347 869 728   0 512 587 150 133
  587 462 422  32 434 466 178 129 346 141 177 832 434 833]
 [  0   0   0   0   0   0   0   0   0 746 360 100  59 232  46 413 359  67
   56 709 313 993 844 486 198  88 388 338 289 375 955 512   0 208 814 171
  607 781 522  78  86 873 167 679 770 862 194 216 839 891]
 [  0   0   0   0   0   0   0   0   0   0 783 479 389 616 935 382 597 986
  149 484 886 742 274 224 892 633 765 852 717 875 154 587 208   0  82 441
  505 165  24 116 158 722  79 547 832 155 254 663 829  96]
 [  0   0   0   0   0   0   0   0   0   0   0 942 510  75 901 444 731 870
  549 581 466 660 222 279 165 656 199 983 901 188 225 150 814  82   0 954
  334  33 384 554 263 699 470 588 137 167 688 203 503 368]
 [  0   0   0   0   0   0   0   0   0   0   0   0 209 727 381 774 821 572
  225 854 675 705  62 226 262 421 872 118 984 546 852 133 171 441 954   0
  768 296 747  76 225 471 444 875 989 322 254 989 793 802]
 [  0   0   0   0   0   0   0   0   0   0   0   0   0 351 623 278 822 428
  674  54 270 294 444 962 441 458 726 768 311 818 868 587 607 505 334 768
    0 410 237 112 230 520 593 531 814 458 513 187 118   4]
 [  0   0   0   0   0   0   0   0   0   0   0   0   0   0 191 588 918 494
  586 567 806 623 893 496 474 946 704 446 101 673  44 462 781 165  33 296
  410   0 505 880 218 579 408 191  22 981 412 565 240 161]
 [  0   0   0   0   0   0   0   0   0   0   0   0   0   0   0  51 207 777
  444  86 273 510  20 306 643  68 611 127 616  86 339 422 522  24 384 747
  237 505   0 806 313 694 395 859 314 589 899 781 936 240]
 [  0   0   0   0   0   0   0   0   0   0   0   0   0   0   0   0 281 128
  393 278 442 315 925 417 453 597 240 289 931 847 574  32  78 116 554  76
  112 880 806   0 993 318 389 455 584 574 524 973 578 480]
 [  0   0   0   0   0   0   0   0   0   0   0   0   0   0   0   0   0 533
  494 215 609 946 970 824 745  52 916  31 512 427 395 434  86 158 263 225
  230 218 313 993   0 848 604 400 302 131 188 516 144  60]
 [  0   0   0   0   0   0   0   0   0   0   0   0   0   0   0   0   0   0
  966 498 608 441 319 908 213  26  25 896 648 448 626 466 873 722 699 471
  520 579 694 318 848   0 667 836 822 306 940 901 372 972]
 [  0   0   0   0   0   0   0   0   0   0   0   0   0   0   0   0   0   0
    0 926 898 322 342 288 195 226  42 411 501 534  55 178 167  79 470 444
  593 408 395 389 604 667   0 237 489 555 320 932 551 375]
 [  0   0   0   0   0   0   0   0   0   0   0   0   0   0   0   0   0   0
    0   0 454 444 641 136 379 670 537  66  46 409 533 129 679 547 588 875
  531 191 859 455 400 836 237   0 824 182 630 222 808 296]
 [  0   0   0   0   0   0   0   0   0   0   0   0   0   0   0   0   0   0
    0   0   0 417 527 100 240   6 902 987 400 668 139 346 770 832 137 989
  814  22 314 584 302 822 489 824   0 491 288 572 746 684]
 [  0   0   0   0   0   0   0   0   0   0   0   0   0   0   0   0   0   0
    0   0   0   0  41 225 686 768 762 921 864 805 623 141 862 155 167 322
  458 981 589 574 131 306 555 182 491   0 936 799 629 840]
 [  0   0   0   0   0   0   0   0   0   0   0   0   0   0   0   0   0   0
    0   0   0   0   0 748 562 392 784 677 828 401 637 177 194 254 688 254
  513 412 899 524 188 940 320 630 288 936   0 382 850 401]
 [  0   0   0   0   0   0   0   0   0   0   0   0   0   0   0   0   0   0
    0   0   0   0   0   0 980  96  18 418 372 864 645 832 216 663 203 989
  187 565 781 973 516 901 932 222 572 799 382   0 811 505]
 [  0   0   0   0   0   0   0   0   0   0   0   0   0   0   0   0   0   0
    0   0   0   0   0   0   0 576 700 514 126 827 886 434 839 829 503 793
  118 240 936 578 144 372 551 808 746 629 850 811   0 101]
 [  0   0   0   0   0   0   0   0   0   0   0   0   0   0   0   0   0   0
    0   0   0   0   0   0   0   0 272 394 663 586 574 833 891  96 368 802
    4 161 240 480  60 972 375 296 684 840 401 505 101   0]]
next
[[   0  297  746  482  994  340  193  693   31  111  538  738  594  472
   351  226  905  672  848  350  460  517  105  135  321  702   13  602
   895    0    0    0    0    0    0    0    0    0    0    0    0    0
     0    0    0    0    0    0    0    0    0    0    0    0    0    0
     0    0    0    0]
 [ 297    0  153  330  497  388   14  197  565  970  182  911  451  410
   294  737  416  584  218   24   88  357  295  263  740   64  642  347
    58  652    0    0    0    0    0    0    0    0    0    0    0    0
     0    0    0    0    0    0    0    0    0    0    0    0    0    0
     0    0    0    0]
 [ 746  153    0  876  694  128  295  522  909  409   65  798   43  108
   626  843  570  568   52  899  178  375  391  332  701  313  196  133
   967  887  229    0    0    0    0    0    0    0    0    0    0    0
     0    0    0    0    0    0    0    0    0    0    0    0    0    0
     0    0    0    0]
 [ 482  330  876    0  587  917  876   16  616   82  335  980  231  325
   645  213  594   58  262  996  633  393  861   35  789  379  626  216
   634  627  138  914    0    0    0    0    0    0    0    0    0    0
     0    0    0    0    0    0    0    0    0    0    0    0    0    0
     0    0    0    0]
 [ 994  497  694  587    0  146  878  365  832  740   80  409  219   73
   467  791  377  850  661   48  280  148  209  373  840  884  666  166
   738  734  890  262  178    0    0    0    0    0    0    0    0    0
     0    0    0    0    0    0    0    0    0    0    0    0    0    0
     0    0    0    0]
 [ 340  388  128  917  146    0  155  315  295  282  647  369  324  242
   202  148  444  865  902  719  779  559  297  157  610  297  953  350
    53  512  122   49   25  470    0    0    0    0    0    0    0    0
     0    0    0    0    0    0    0    0    0    0    0    0    0    0
     0    0    0    0]
 [ 193   14  295  876  878  155    0  418  644  958  236  679  899  451
   878   10    8  844  738   27  384  839  290  765   50  107  555  120
   419  554  254  332  570  995  996    0    0    0    0    0    0    0
     0    0    0    0    0    0    0    0    0    0    0    0    0    0
     0    0    0    0]
 [ 693  197  522   16  365  315  418    0  563  704  460  563  587  839
   521  933  834  122   86  698  904  808  483  807  803  830  560  813
    18  305  615  911  357  727  871  140    0    0    0    0    0    0
     0    0    0    0    0    0    0    0    0    0    0    0    0    0
     0    0    0    0]
 [  31  565  909  616  832  295  644  563    0  409  617  659  543  745
   684   71  600  883  820  708  690  569  152  783  565  633  106  324
   277  955   17   77  714  193  604  542  615    0    0    0    0    0
     0    0    0    0    0    0    0    0    0    0    0    0    0    0
     0    0    0    0]
 [ 111  970  409   82  740  282  958  704  409    0  561  116   12  412
   212  959  776  396  897  183  166  173  938  120  627  252  618  224
   210  776  509  927  703  397  443  903  714  746    0    0    0    0
     0    0    0    0    0    0    0    0    0    0    0    0    0    0
     0    0    0    0]
 [ 538  182   65  335   80  647  236  460  617  561    0  918  472  413
   111  782  350  640  975  531  687  262  765  280  771  390  709  460
    74  910  403  896  728  518  596  959  648  528  557    0    0    0
     0    0    0    0    0    0    0    0    0    0    0    0    0    0
     0    0    0    0]
 [ 738  911  798  980  409  369  679  563  659  116  918    0  198  394
   854  142  504  390  398  208  140  165  628  624  493  228  804  806
   875   30   63  340  822  512  360  996  766  267  835  530    0    0
     0    0    0    0    0    0    0    0    0    0    0    0    0    0
     0    0    0    0]
 [ 594  451   43  231  219  324  899  587  543   12  472  198    0  735
   165   32  927  109  203  647   18   21   38  644   44  759  975  678
   861  685  228  488  908  493  224  788  565  540  988  743  505    0
     0    0    0    0    0    0    0    0    0    0    0    0    0    0
     0    0    0    0]
 [ 472  410  108  325   73  242  451  839  745  412  413  394  735    0
   713  682  475  496  429  912  458  817   34  858  373  475  363  411
   760  397  785  719  901  630  768  778  841 1000  929  728  190  952
     0    0    0    0    0    0    0    0    0    0    0    0    0    0
     0    0    0    0]
 [ 351  294  626  645  467  202  878  521  684  212  111  854  165  713
     0  769  783  764  188  577  848  445  219  966   96  284  890  685
   635  904  500  380  411  910  668  673  756   18  665   81  814  111
   208    0    0    0    0    0    0    0    0    0    0    0    0    0
     0    0    0    0]
 [ 226  737  843  213  791  148   10  933   71  959  782  142   32  682
   769    0  323  181  435  331  370  468  358  241  950  225  786  516
   189  825  491  882  645  641  528  909  986  703  754  552   30  459
   939  836    0    0    0    0    0    0    0    0    0    0    0    0
     0    0    0    0]
 [ 905  416  570  594  377  444    8  834  600  776  350  504  927  475
   783  323    0  368  608  658  206  476  625  935  586  836  574  382
   577  799   85  825  748  885  431  914  853  763  281  624  265  752
   630  917  132    0    0    0    0    0    0    0    0    0    0    0
     0    0    0    0]
 [ 672  584  568   58  850  865  844  122  883  396  640  390  109  496
   764  181  368    0  715   22  886  145  785  300  394   64  925  818
   304  389  501  384  314   79  525  243  386  638  136   74  980  896
   134   34  848  928    0    0    0    0    0    0    0    0    0    0
     0    0    0    0]
 [ 848  218   52  262  661  902  738   86  820  897  975  398  203  429
   188  435  608  715    0  971   89  941  286  907  611  413  698  426
    20  412  490  609  234   34  300  317  554   99  872   85  387  705
   880  661  359   22  350    0    0    0    0    0    0    0    0    0
     0    0    0    0]
 [ 350   24  899  996   48  719   27  698  708  183  531  208  647  912
   577  331  658   22  971    0  267  279  559  673  303  899  992  621
   752  438  459  141  885  820  147  133  155    3   34  955  280   42
   976  922  504   78  945    0    0    0    0    0    0    0    0    0
     0    0    0    0]
 [ 460   88  178  633  280  779  384  904  690  166  687  140   18  458
   848  370  206  886   89  267    0  694   95  581  335   72  824  733
   663  161  969  602  750  186  280  282  438  369  925  179  461  598
   975  157  601   88  410  163    0    0    0    0    0    0    0    0
     0    0    0    0]
 [ 517  357  375  393  148  559  839  808  569  173  262  165   21  817
   445  468  476  145  941  279  694    0  873  847  170   44  569  666
   161   22  482  458  332  197  978  523  379  492  946  927  102  423
   186  198  931  780  203  845  588    0    0    0    0    0    0    0
     0    0    0    0]
 [ 105  295  391  861  209  297  290  483  152  938  765  628   38   34
   219  358  625  785  286  559   95  873    0  367  438  372  410   52
   597  864  999  544  965  446    7    7  650  105   23  913   54  243
   309  328  153  117  358  884  698  400    0    0    0    0    0    0
     0    0    0    0]
 [ 135  263  332   35  373  157  765  807  783  120  280  624  644  858
   966  241  935  300  907  673  581  847  367    0  432  500  812  121
     8  449  722  832  594  534  397  200  825  502  251  244  786  292
   232  753  545   85  434  286  188  169  424    0    0    0    0    0
     0    0    0    0]
 [ 321  740  701  789  840  610   50  803  565  627  771  493   44  373
    96  950  586  394  611  303  335  170  438  432    0  882  722  263
    37  640  528  962  390  479  775   59  937  249  701  656   34  427
    86  496    2  443  988  836  592   47  285  910    0    0    0    0
     0    0    0    0]
 [ 702   64  313  379  884  297  107  830  633  252  390  228  759  475
   284  225  836   64  413  899   72   44  372  500  882    0  527  260
     3  357  157  563  704  986  631  209  176   68  477  256   98  568
   197  836  512  926  275  433  572  900   82  917  801    0    0    0
     0    0    0    0]
 [  13  642  196  626  666  953  555  560  106  618  709  804  975  363
   890  786  574  925  698  992  824  569  410  812  722  527    0  311
   447  869  613  917  725  458  336   90  261  983  399  321  212  595
   484  915  751  272   38  784  999  510   85  598  250  418    0    0
     0    0    0    0]
 [ 602  347  133  216  166  350  120  813  324  224  460  806  678  411
   685  516  382  818  426  621  733  666   52  121  263  260  311    0
   579   49  490  666  121  400  616  320  514  473   76  183  572  752
   152  592  164  166  744   46  130  926  159  385  547  186  582    0
     0    0    0    0]
 [ 895   58  967  634  738   53  419   18  277  210   74  875  861  760
   635  189  577  304   20  752  663  161  597    8   37    3  447  579
     0    5   91  753  947  932  502  912  118  411  254    3  920  550
    54  311  276  159   33  244  166    1  155  637  511  316  426  385
     0    0    0    0]
 [   0  652  887  627  734  512  554  305  955  776  910   30  685  397
   904  825  799  389  412  438  161   22  864  449  640  357  869   49
     5    0  943  327  186  838  625  136   86  556  646  945   51  107
   350  559  789  263  505  474  158  209  561  257  548  764  698  921
   602    0    0    0]
 [   0    0  229  138  890  122  254  615   17  509  403   63  228  785
   500  491   85  501  490  459  969  482  999  722  528  157  613  490
    91  943    0  591  514  354  154  652  925  886  288  919  739   52
   315  564  478  397  742  332  786  617  615  599  424  946  575  455
    39  697    0    0]
 [   0    0    0  914  262   49  332  911   77  927  896  340  488  719
   380  882  825  384  609  141  602  458  544  832  962  563  917  666
   753  327  591    0  899  162   88  637  229  941  593  768  196  600
   331  930  664  114  877   84  498  300  110  683  604  375  420   44
   341  120  355    0]
 [   0    0    0    0  178   25  570  357  714  703  728  822  908  901
   411  645  748  314  234  885  750  332  965  594  390  704  725  121
   947  186  514  899    0  539  171   25   19   13  500  403  528  549
   149  480  565  778  726  726  106  765  217  104   34  115   73  441
   381  660  503  231]
 [   0    0    0    0    0  470  995  727  193  397  518  512  493  630
   910  641  885   79   34  820  186  197  446  534  479  986  458  400
   932  838  354  162  539    0  638  728  619  278  544  677  616  423
   406  294  763  737  464  632  592  148  134  818  499  336  865   38
   687  283  335   47]
 [   0    0    0    0    0    0  996  871  604  443  596  360  224  768
   668  528  431  525  300  147  280  978    7  397  775  631  336  616
   502  625  154   88  171  638    0  697  881  160  157  710  608  340
   141   70   52  403  755  712  263   66  477  374  120  889  483  874
   795  239  217  769]
 [   0    0    0    0    0    0    0  140  542  903  959  996  788  778
   673  909  914  243  317  133  282  523    7  200   59  209   90  320
   912  136  652  637   25  728  697    0  994  744  554   10   71  994
   960  523  935   24  278  921  965  630  760  176   25  860  191  513
   226  200   76  184]
 [   0    0    0    0    0    0    0    0  615  714  648  766  565  841
   756  986  853  386  554  155  438  379  650  825  937  176  261  514
   118   86  925  229   19  619  881  994    0  931  693  745  708  475
   632  277  516  904  329  775  316  294  238  314  913  877  664  281
   147  827  622  411]
 [   0    0    0    0    0    0    0    0    0  746  528  267  540 1000
    18  703  763  638   99    3  369  492  105  502  249   68  983  473
   411  556  886  941   13  278  160  744  931    0   44  943  877  674
   122  626  332  373  946  892  669  459  418  711  834  393   90  821
   361  647  537  755]
 [   0    0    0    0    0    0    0    0    0    0  557  835  988  929
   665  754  281  136  872   34  925  946   23  251  701  477  399   76
   254  646  288  593  500  544  157  554  693   44    0  755  321  642
   345  897  998  915  313  722  210  795   22  756  980  120  253  426
     8  258  325  243]
 [   0    0    0    0    0    0    0    0    0    0    0  530  743  728
    81  552  624   74   85  955  179  927  913  244  656  256  321  183
     3  945  919  768  403  677  710   10  745  943  755    0  979  418
    48  268  883  107  798  704  365  534  452  700  670  540  765  481
   916  210   34  353]
 [   0    0    0    0    0    0    0    0    0    0    0    0  505  190
   814   30  265  980  387  280  461  102   54  786   34   98  212  572
   920   51  739  196  528  616  608   71  708  877  321  979    0  898
   787  747  916  872  214  512  749  745  438  585  353  245  998   74
   595  224  460  281]
 [   0    0    0    0    0    0    0    0    0    0    0    0    0  952
   111  459  752  896  705   42  598  423  243  292  427  568  595  752
   550  107   52  600  549  423  340  994  475  674  642  418  898    0
    98  663  191  364  602  530  622  898  654  987  262  575  396  365
   461  778  563  347]
 [   0    0    0    0    0    0    0    0    0    0    0    0    0    0
   208  939  630  134  880  976  975  186  309  232   86  197  484  152
    54  350  315  331  149  406  141  960  632  122  345   48  787   98
     0  451  897  214  550  332   11  792  423  810  148  429  160  587
   244  554  322  322]
 [   0    0    0    0    0    0    0    0    0    0    0    0    0    0
     0  836  917   34  661  922  157  198  328  753  496  836  915  592
   311  559  564  930  480  294   70  523  277  626  897  268  747  663
   451    0  722  424  108  875  849  300  552  576  876  671  965  375
   564  637  772  708]
 [   0    0    0    0    0    0    0    0    0    0    0    0    0    0
     0    0  132  848  359  504  601  931  153  545    2  512  751  164
   276  789  478  664  565  763   52  935  516  332  998  883  916  191
   897  722    0  722  325  430  531  300  864  655  445  162  532  503
    33  134  826  866]
 [   0    0    0    0    0    0    0    0    0    0    0    0    0    0
     0    0    0  928   22   78   88  780  117   85  443  926  272  166
   159  263  397  114  778  737  403   24  904  373  915  107  872  364
   214  424  722    0  826  184  772  500  783  838   52  120  957  954
   120  485  993  285]
 [   0    0    0    0    0    0    0    0    0    0    0    0    0    0
     0    0    0    0  350  945  410  203  358  434  988  275   38  744
    33  505  742  877  726  464  755  278  329  946  313  798  214  602
   550  108  325  826    0  113  559  953  632   33  171  803  238  731
   386  347  643  337]
 [   0    0    0    0    0    0    0    0    0    0    0    0    0    0
     0    0    0    0    0    0  163  845  884  286  836  433  784   46
   244  474  332   84  726  632  712  921  775  892  722  704  512  530
   332  875  430  184  113    0  753  826  584  521   86   52  278  725
    60  459  517  351]
 [   0    0    0    0    0    0    0    0    0    0    0    0    0    0
     0    0    0    0    0    0    0  588  698  188  592  572  999  130
   166  158  786  498  106  592  263  965  316  669  210  365  749  622
    11  849  531  772  559  753    0   13  137  177  843  244  792  415
    96  128  609  308]
 [   0    0    0    0    0    0    0    0    0    0    0    0    0    0
     0    0    0    0    0    0    0    0  400  169   47  900  510  926
     1  209  617  300  765  148   66  630  294  459  795  534  745  898
   792  300  300  500  953  826   13    0  430  601  741  898  187  179
   983  247  817   81]
 [   0    0    0    0    0    0    0    0    0    0    0    0    0    0
     0    0    0    0    0    0    0    0    0  424  285   82   85  159
   155  561  615  110  217  134  477  760  238  418   22  452  438  654
   423  552  864  783  632  584  137  430    0  645   12  676  723   34
   311  130  594  791]
 [   0    0    0    0    0    0    0    0    0    0    0    0    0    0
     0    0    0    0    0    0    0    0    0    0  910  917  598  385
   637  257  599  683  104  818  374  176  314  711  756  700  585  987
   810  576  655  838   33  521  177  601  645    0  387  909   97  115
   928  264  555  608]
 [   0    0    0    0    0    0    0    0    0    0    0    0    0    0
     0    0    0    0    0    0    0    0    0    0    0  801  250  547
   511  548  424  604   34  499  120   25  913  834  980  670  353  262
   148  876  445   52  171   86  843  741   12  387    0  837   33  797
   569  956  301  802]
 [   0    0    0    0    0    0    0    0    0    0    0    0    0    0
     0    0    0    0    0    0    0    0    0    0    0    0  418  186
   316  764  946  375  115  336  889  860  877  393  120  540  245  575
   429  671  162  120  803   52  244  898  676  909  837    0  961  478
   559  537   83  770]
 [   0    0    0    0    0    0    0    0    0    0    0    0    0    0
     0    0    0    0    0    0    0    0    0    0    0    0    0  582
   426  698  575  420   73  865  483  191  664   90  253  765  998  396
