[[  0 548 995  61 492 941 988 320 407 137 258 257 429 782 876 639   0   0
    0   0   0   0   0   0   0   0   0   0   0   0]
 [548   0 399 464 718 795 215 564   2 498  69 989 893 944 405 505   0   0
    0   0   0   0   0   0   0   0   0   0   0   0]
 [995 399   0 290 222  91 650 948 116  48 607 149 834 205 567 189 821   0
    0   0   0   0   0   0   0   0   0   0   0   0]
 [ 61 464 290   0 466 797 863 583 759 339 288  28 204 255 897 241 107 474
    0   0   0   0   0   0   0   0   0   0   0   0]
 [492 718 222 466   0 957 877 535 156 372 579 358 342 761 865 759 898 282
  383   0   0   0   0   0   0   0   0   0   0   0]
 [941 795  91 797 957   0 268 655 664 612  86 892 818 163  41  60 673 698
   41  49   0   0   0   0   0   0   0   0   0   0]
 [988 215 650 863 877 268   0 298  69  54 333 250 839 587 501 688 582 340
  195 624 225   0   0   0   0   0   0   0   0   0]
 [320 564 948 583 535 655 298   0 441 609 681 734 242 589 312 825  52 281
  952 951 100  88   0   0   0   0   0   0   0   0]
 [407   2 116 759 156 664  69 441   0 641 474  37 591 541 276 406 911 929
  279 388 679 335 523   0   0   0   0   0   0   0]
 [137 498  48 339 372 612  54 609 641   0 219 955 998 216 111 621 243 906
   46 106  15 731 217 115   0   0   0   0   0   0]
 [258  69 607 288 579  86 333 681 474 219   0  70  27  99 753 660 851 321
  261 262 432  14  90 409 661   0   0   0   0   0]
 [257 989 149  28 358 892 250 734  37 955  70   0 619 726 426 516 204 142
  435 719   6 614 740 930  70 927   0   0   0   0]
 [429 893 834 204 342 818 839 242 591 998  27 619   0  86 898 604 848 833
  210 515 152 779 404 557 659 411 828   0   0   0]
 [782 944 205 255 761 163 587 589 541 216  99 726  86   0 236 156 386 586
   91 147 394 164 113 399 282 901 664 789   0   0]
 [876 405 567 897 865  41 501 312 276 111 753 426 898 236   0 919 137 977
  476 164 853 684 809 222 691  45 511 945 558   0]
 [639 505 189 241 759  60 688 825 406 621 660 516 604 156 919   0 969 779
  303 983 787 150 408 261 932 147 465 227 835 752]
 [  0   0 821 107 898 673 582  52 911 243 851 204 848 386 137 969   0 765
  709 682 832 113  59 760  96 281 842 351 212 893]
 [  0   0   0 474 282 698 340 281 929 906 321 142 833 586 977 779 765   0
  138 955 510 518 358 677 831   5 285 130 168 352]
 [  0   0   0   0 383  41 195 952 279  46 261 435 210  91 476 303 709 138
    0 900 367 528  98 352 771 509 834 634  65  46]
 [  0   0   0   0   0  49 624 951 388 106 262 719 515 147 164 983 682 955
  900   0 826  68 516 139 870 492 924 538 743 124]
 [  0   0   0   0   0   0 225 100 679  15 432   6 152 394 853 787 832 510
  367 826   0 886 598 925 585 306 493 481  90 645]
 [  0   0   0   0   0   0   0  88 335 731  14 614 779 164 684 150 113 518
  528  68 886   0 359 257 432  69 404 160 904 621]
 [  0   0   0   0   0   0   0   0 523 217  90 740 404 113 809 408  59 358
   98 516 598 359   0 678 598 361 115 180 689 213]
 [  0   0   0   0   0   0   0   0   0 115 409 930 557 399 222 261 760 677
  352 139 925 257 678   0 923 970  84 510 603  17]
 [  0   0   0   0   0   0   0   0   0   0 661  70 659 282 691 932  96 831
  771 870 585 432 598 923   0 403 179 667 391 939]
 [  0   0   0   0   0   0   0   0   0   0   0 927 411 901  45 147 281   5
  509 492 306  69 361 970 403   0 356 311 920 941]
 [  0   0   0   0   0   0   0   0   0   0   0   0 828 664 511 465 842 285
  834 924 493 404 115  84 179 356   0 712 665 374]
 [  0   0   0   0   0   0   0   0   0   0   0   0   0 789 945 227 351 130
  634 538 481 160 180 510 667 311 712   0  10 637]
 [  0   0   0   0   0   0   0   0   0   0   0   0   0   0 558 835 212 168
   65 743  90 904 689 603 391 920 665  10   0 536]
 [  0   0   0   0   0   0   0   0   0   0   0   0   0   0   0 752 893 352
   46 124 645 621 213  17 939 941 374 637 536   0]]
next
[[   0  871  187   94  934  282  806  444   59  357  168  501  979  219
   419  787  692   42  415   14  205  414  269   95   37   99  576  470
   890    0    0    0    0    0    0    0    0    0    0    0    0    0
     0    0    0    0    0    0    0    0    0    0    0    0    0    0
     0    0    0    0]
 [ 871    0  551  207  978  653  759  693  444  584  223  239  966  125
   128  626  297  418  725  156  145  325  630  629  690  217  142  153
   125  959    0    0    0    0    0    0    0    0    0    0    0    0
     0    0    0    0    0    0    0    0    0    0    0    0    0    0
     0    0    0    0]
 [ 187  551    0  635  993  692  921  978  765  927  358  269  667  509
   939  225  214  282  263  433  926  541  168  245  300  707  723  958
   451  452  865    0    0    0    0    0    0    0    0    0    0    0
     0    0    0    0    0    0    0    0    0    0    0    0    0    0
     0    0    0    0]
 [  94  207  635    0  211  724  722  134  352  604  906  616   35  461
   592  151  146  493  612  369  354  585  165  976  752  529  456  890
   488  103  939  909    0    0    0    0    0    0    0    0    0    0
     0    0    0    0    0    0    0    0    0    0    0    0    0    0
     0    0    0    0]
 [ 934  978  993  211    0  349  839  803   29  571  660  308  553   70
   940  429  868  935  266  292  220  482  993  486  405   11  422  505
   168   77  379  996  328    0    0    0    0    0    0    0    0    0
     0    0    0    0    0    0    0    0    0    0    0    0    0    0
     0    0    0    0]
 [ 282  653  692  724  349    0  272  933  815  959  754   47  718  175
   134  651   76  146  961  601  355  330  770  551  619  869  908  306
   510  635  674  991   41  806    0    0    0    0    0    0    0    0
     0    0    0    0    0    0    0    0    0    0    0    0    0    0
     0    0    0    0]
 [ 806  759  921  722  839  272    0  641  582  674  360  666  851  991
   959  385  119  723  514  764  971  410  899   88  335  220  662  539
   584  926  770  131  852  994  430    0    0    0    0    0    0    0
     0    0    0    0    0    0    0    0    0    0    0    0    0    0
     0    0    0    0]
 [ 444  693  978  134  803  933  641    0  693  957  814   18   85  173
   821  790  683  975  328  284  849  857  719  214   18  841   82  320
   746  993  618  495  993  556   24  769    0    0    0    0    0    0
     0    0    0    0    0    0    0    0    0    0    0    0    0    0
     0    0    0    0]
 [  59  444  765  352   29  815  582  693    0   59  510  256  442   61
   804  385  700  319  480  936  431  182   72  909  127  511  908  836
   630  701  504  512  647  524  685  432  988    0    0    0    0    0
     0    0    0    0    0    0    0    0    0    0    0    0    0    0
     0    0    0    0]
 [ 357  584  927  604  571  959  674  957   59    0   64  596  758  596
   677  720  894  513  430   21  647  855  431  788  504   28  714  286
   855  488   81  377  520  382  771  330  212  822    0    0    0    0
     0    0    0    0    0    0    0    0    0    0    0    0    0    0
     0    0    0    0]
 [ 168  223  358  906  660  754  360  814  510   64    0  476  103  108
    29  898  853  217  329  112  500  989  184  889  559  712   86   82
   108  627  199  712   42  794  349  783  956  581   77    0    0    0
     0    0    0    0    0    0    0    0    0    0    0    0    0    0
     0    0    0    0]
 [ 501  239  269  616  308   47  666   18  256  596  476    0   25  102
   119  396   56  399  220  274  895   80   76  584  859  259  257  215
   273  380   13  103  808  629  866  674  137  718  499  538    0    0
     0    0    0    0    0    0    0    0    0    0    0    0    0    0
     0    0    0    0]
 [ 979  966  667   35  553  718  851   85  442  758  103   25    0  237
   237  486  295   20  836  641  164  660  384  854  141  111  117  299
   571  227  639  416  493  483  443  373  290  107   53  209  506    0
     0    0    0    0    0    0    0    0    0    0    0    0    0    0
     0    0    0    0]
 [ 219  125  509  461   70  175  991  173   61  596  108  102  237    0
   255  250  893  125   21  995   49  957   61  836  987  921  624  773
   512  840  527   33    7   19  116  327   65  510  454  946  185  891
     0    0    0    0    0    0    0    0    0    0    0    0    0    0
     0    0    0    0]
 [ 419  128  939  592  940  134  959  821  804  677   29  119  237  255
     0   44  555  777  863   15  991  242  770  720  384  535  768   15
   792  466  666  534  238  489  261  193  615  455  749  579  601  344
   185    0    0    0    0    0    0    0    0    0    0    0    0    0
     0    0    0    0]
 [ 787  626  225  151  429  651  385  790  385  720  898  396  486  250
    44    0  641  470  293  490  312  979   13  486  152   24  391  703
   175  324  145  668  232  210  300  110  257  963  890  348  188  187
   644    9    0    0    0    0    0    0    0    0    0    0    0    0
     0    0    0    0]
 [ 692  297  214  146  868   76  119  683  700  894  853   56  295  893
   555  641    0  301   15   43  497  937  940  344  624  792  855  276
   766  335  656  941  607  981  539  125  629  410  680  998  696  475
   788   62  637    0    0    0    0    0    0    0    0    0    0    0
     0    0    0    0]
 [  42  418  282  493  935  146  723  975  319  513  217  399   20  125
   777  470  301    0  371  536  413  675  127  935  253  932  984  186
   432  975  860  854  563  592  455  976  122  236  688  221  730  648
   820  155  868  565    0    0    0    0    0    0    0    0    0    0
     0    0    0    0]
 [ 415  725  263  612  266  961  514  328  480  430  329  220  836   21
   863  293   15  371    0  271  249  946  514  292  161  130  699  343
   584  412  876  969  100  298  894  719  546  218  964  281  500  438
    60  902  718  379  433    0    0    0    0    0    0    0    0    0
     0    0    0    0]
 [  14  156  433  369  292  601  764  284  936   21  112  274  641  995
    15  490   43  536  271    0  819  726  318   40  823  368  815  903
   423  346  612  212  566  572  943  992  903  140  334  578  552  250
   344  180  223  813  540    0    0    0    0    0    0    0    0    0
     0    0    0    0]
 [ 205  145  926  354  220  355  971  849  431  647  500  895  164   49
   991  312  497  413  249  819    0  990  518   21  101  618  472  150
   973  832  299  437  874  745   41  565  627  328  818  342  726  244
   549  338  135  430  118  357    0    0    0    0    0    0    0    0
     0    0    0    0]
 [ 414  325  541  585  482  330  410  857  182  855  989   80  660  957
   242  979  937  675  946  726  990    0  530  794  154  229  180  853
   946  699  570  345  912  359  597  572  354  288  520  777  624  358
   225  615  195  252  906  990  566    0    0    0    0    0    0    0
     0    0    0    0]
 [ 269  630  168  165  993  770  899  719   72  431  184   76  384   61
   770   13  940  127  514  318  518  530    0   51  330  934  183  916
   485  724  518  747  648  714  278  726  860  714  145  820  237  764
   548  376  897  993  763  833  552   85    0    0    0    0    0    0
     0    0    0    0]
 [  95  629  245  976  486  551   88  214  909  788  889  584  854  836
   720  486  344  935  292   40   21  794   51    0   14  955  206  874
   879  503  859  923    1  772  460  239   39  999  724  147  818  936
   457  866  521  906   28  131  335  654  483    0    0    0    0    0
     0    0    0    0]
 [  37  690  300  752  405  619  335   18  127  504  559  859  141  987
   384  152  624  253  161  823  101  154  330   14    0  163  892  721
   109  939  219  210  291  174  956  293  802  501  629  818  466  883
   112  898  669  175  951  273  402  194  938  313    0    0    0    0
     0    0    0    0]
 [  99  217  707  529   11  869  220  841  511   28  712  259  111  921
   535   24  792  932  130  368  618  229  934  955  163    0  547  672
   693  154  706  406  383  577  399  306   26   74  715  927  919  108
   837  953  816  581  394  235  860  770  473  117  787    0    0    0
     0    0    0    0]
 [ 576  142  723  456  422  908  662   82  908  714   86  257  117  624
   768  391  855  984  699  815  472  180  183  206  892  547    0  536
   122  863  613  245  384  727  542  971  975  768  155  455  709  477
   183  206  812  559  782  299  685  251  924  516  422  629    0    0
     0    0    0    0]
 [ 470  153  958  890  505  306  539  320  836  286   82  215  299  773
    15  703  276  186  343  903  150  853  916  874  721  672  536    0
   316  306  945  330   85  933  796  895   86  825  213  392  426  737
   369  737 1000  752  192  130  975  630   80  412  529  248  810    0
     0    0    0    0]
 [ 890  125  451  488  168  510  584  746  630  855  108  273  571  512
   792  175  766  432  584  423  973  946  485  879  109  693  122  316
     0  402  155  292  776  672   60  646  618  857  232  303  803  664
   862   99  382  225  278  428  624  562  188  548  654  441  479   99
     0    0    0    0]
 [   0  959  452  103   77  635  926  993  701  488  627  380  227  840
   466  324  335  975  412  346  832  699  724  503  939  154  863  306
   402    0  801  817   39  296  158  262  502  818  493   70  935  718
   738   11  973  562  998   92  359  195  869  910  683  208  599  221
   477    0    0    0]
 [   0    0  865  939  379  674  770  618  504   81  199   13  639  527
   666  145  656  860  876  612  299  570  518  859  219  706  613  945
   155  801    0  177  995  639  656  396  442  333  621   98  864  162
    29  612  413  970  575  549   20  479  387  922  844  928  559  640
   270  446    0    0]
 [   0    0    0  909  996  991  131  495  512  377  712  103  416   33
   534  668  941  854  969  212  437  345  747  923  210  406  245  330
   292  817  177    0  355   59  329  640  836  770  507  673  311  174
   727  540  836  352  537  940  213  732  907  741  223  450  639  776
   230  844  848    0]
 [   0    0    0    0  328   41  852  993  647  520   42  808  493    7
   238  232  607  563  100  566  874  912  648    1  291  383  384   85
   776   39  995  355    0  479  965  831  792  366  858  810  416  319
   743  899  782  239  643  916  496  347   62  782  305  221  575  115
   670  858   74  145]
 [   0    0    0    0    0  806  994  556  524  382  794  629  483   19
   489  210  981  592  298  572  745  359  714  772  174  577  727  933
   672  296  639   59  479    0   75  678  624  621  847  859  357  175
   558  688  497  882  283  368   59  622  707  172   28  855  113  341
   197  731   69  777]
 [   0    0    0    0    0    0  430   24  685  771  349  866  443  116
   261  300  539  455  894  943   41  597  278  460  956  399  542  796
    60  158  656  329  965   75    0  516  588  899   13   29  814  886
    28  802  614  111  833  802  678  775  860  338  689  642  958  925
   466  787  348  130]
 [   0    0    0    0    0    0    0  769  432  330  783  674  373  327
   193  110  125  976  719  992  565  572  726  239  293  306  971  895
   646  262  396  640  831  678  516    0  740  665  256  408  429   11
   826  844  608  296  537  669  577  161   10  103  837  918  139  921
    88  731  279  227]
 [   0    0    0    0    0    0    0    0  988  212  956  137  290   65
   615  257  629  122  546  903  627  354  860   39  802   26  975   86
   618  502  442  836  792  624  588  740    0  486  530   55  108  922
   688   16  774  697  618  170  619  812  230  923  404  840  486  317
   507  321  846  523]
 [   0    0    0    0    0    0    0    0    0  822  581  718  107  510
   455  963  410  236  218  140  328  288  714  999  501   74  768  825
   857  818  333  770  366  621  899  665  486    0  862  239   75  421
   316  212  174  386  651  391  811  545  159  816  565  650  442  887
   175  361  411  161]
 [   0    0    0    0    0    0    0    0    0    0   77  499   53  454
   749  890  680  688  964  334  818  520  145  724  629  715  155  213
   232  493  621  507  858  847   13  256  530  862    0  478  800   25
   551  771  688  123  719  203  892  128  237   14  383  780  287  511
   569  217  848  525]
 [   0    0    0    0    0    0    0    0    0    0    0  538  209  946
   579  348  998  221  281  578  342  777  820  147  818  927  455  392
   303   70   98  673  810  859   29  408   55  239  478    0  481  450
   111  773  945   51  795  515  147  567  228  952  428   71  710  265
   664  723  989  874]
 [   0    0    0    0    0    0    0    0    0    0    0    0  506  185
   601  188  696  730  500  552  726  624  237  818  466  919  709  426
   803  935  864  311  416  357  814  429  108   75  800  481    0  722
   629  384  772  368  738  158  304  218  492  426  373  687  291  107
   507  849  366  255]
 [   0    0    0    0    0    0    0    0    0    0    0    0    0  891
   344  187  475  648  438  250  244  358  764  936  883  108  477  737
   664  718  162  174  319  175  886   11  922  421   25  450  722    0
   338  189  857  201  982  617  860  378  100  708  711  656   94  107
   812  454  262  599]
 [   0    0    0    0    0    0    0    0    0    0    0    0    0    0
   185  644  788  820   60  344  549  225  548  457  112  837  183  369
   862  738   29  727  743  558   28  826  688  316  551  111  629  338
     0  368  634  465  681  139  287  736  353   41   79  601  573   95
   417   58  979  853]
 [   0    0    0    0    0    0    0    0    0    0    0    0    0    0
     0    9   62  155  902  180  338  615  376  866  898  953  206  737
    99   11  612  540  899  688  802  844   16  212  771  773  384  189
   368    0   84  118  379  255  997  146  104  991   98  690  254  652
   210  137  134   64]
 [   0    0    0    0    0    0    0    0    0    0    0    0    0    0
     0    0  637  868  718  223  135  195  897  521  669  816  812 1000
   382  973  413  836  782  497  614  608  774  174  688  945  772  857
   634   84    0   91  744  341  786  721  467   42   60  490   19  985
   959  286  526  682]
 [   0    0    0    0    0    0    0    0    0    0    0    0    0    0
     0    0    0  565  379  813  430  252  993  906  175  581  559  752
   225  562  970  352  239  882  111  296  697  386  123   51  368  201
   465  118   91    0  932  211  950  565  433  610  538  668  350  947
   941  625  701  702]
 [   0    0    0    0    0    0    0    0    0    0    0    0    0    0
     0    0    0    0  433  540  118  906  763   28  951  394  782  192
   278  998  575  537  643  283  833  537  618  651  719  795  738  982
   681  379  744  932    0  948  893   74  687   16  922  304  560   64
   560  494  338  481]
 [   0    0    0    0    0    0    0    0    0    0    0    0    0    0
     0    0    0    0    0    0  357  990  833  131  273  235  299  130
   428   92  549  940  916  368  802  669  170  391  203  515  158  617
   139  255  341  211  948    0   13  854  946  633  641  389  315  315
   880  479  259  340]
 [   0    0    0    0    0    0    0    0    0    0    0    0    0    0
     0    0    0    0    0    0    0  566  552  335  402  860  685  975
   624  359   20  213  496   59  678  577  619  811  892  147  304  860
   287  997  786  950  893   13    0  697  391  778  612  292  426  830
   591   54  347    8]
 [   0    0    0    0    0    0    0    0    0    0    0    0    0    0
     0    0    0    0    0    0    0    0   85  654  194  770  251  630
   562  195  479  732  347  622  775  161  812  545  128  567  218  378
   736  146  721  565   74  854  697    0  926  612  626  650  222  150
   601  708  435   44]
 [   0    0    0    0    0    0    0    0    0    0    0    0    0    0
     0    0    0    0    0    0    0    0    0  483  938  473  924   80
   188  869  387  907   62  707  860   10  230  159  237  228  492  100
   353  104  467  433  687  946  391  926    0  438  416  541  444  631
   165  549  322  611]
 [   0    0    0    0    0    0    0    0    0    0    0    0    0    0
     0    0    0    0    0    0    0    0    0    0  313  117  516  412
   548  910  922  741  782  172  338  103  923  816   14  952  426  708
    41  991   42  610   16  633  778  612  438    0  362  548  626  208
   181  703   51  160]
 [   0    0    0    0    0    0    0    0    0    0    0    0    0    0
     0    0    0    0    0    0    0    0    0    0    0  787  422  529
   654  683  844  223  305   28  689  837  404  565  383  428  373  711
    79   98   60  538  922  641  612  626  416  362    0  406  741  382
   757  116  900  360]
 [   0    0    0    0    0    0    0    0    0    0    0    0    0    0
     0    0    0    0    0    0    0    0    0    0    0    0  629  248
   441  208  928  450  221  855  642  918  840  650  780   71  687  656
   601  690  490  668  304  389  292  650  541  548  406    0  636  940
   421  539  585  832]
 [   0    0    0    0    0    0    0    0    0    0    0    0    0    0
     0    0    0    0    0    0    0    0    0    0    0    0    0  810
   479  599  559  639  575  113  958  139  486  442  287  710  291   94
   573  254   19  350  560  315  426  222  444  626  741  636    0  388
   771  908   43   73]
 [   0    0    0    0    0    0    0    0    0    0    0    0    0    0
     0    0    0    0    0    0    0    0    0    0    0    0    0    0
    99  221  640  776  115  341  925  921  317  887  511  265  107  107
    95  652  985  947   64  315  830  150  631  208  382  940  388    0
    15   13  210  466]
 [   0    0    0    0    0    0    0    0    0    0    0    0    0    0
     0    0    0    0    0    0    0    0    0    0    0    0    0    0
     0  477  270  230  670  197  466   88  507  175  569  664  507  812
   417  210  959  941  560  880  591  601  165  181  757  421  771   15
     0  506  690  199]
 [   0    0    0    0    0    0    0    0    0    0    0    0    0    0
     0    0    0    0    0    0    0    0    0    0    0    0    0    0
     0    0  446  844  858  731  787  731  321  361  217  723  849  454
    58  137  286  625  494  479   54  708  549  703  116  539  908   13
   506    0  973  776]
 [   0    0    0    0    0    0    0    0    0    0    0    0    0    0
     0    0    0    0    0    0    0    0    0    0    0    0    0    0
     0    0    0  848   74   69  348  279  846  411  848  989  366  262
   979  134  526  701  338  259  347  435  322   51  900  585   43  210
   690  973    0  736]
 [   0    0    0    0    0    0    0    0    0    0    0    0    0    0
     0    0    0    0    0    0    0    0    0    0    0    0    0    0
     0    0    0    0  145  777  130  227  523  161  525  874  255  599
   853   64  682  702  481  340    8   44  611  160  360  832   73  466
   199  776  736    0]]
next
[[   0  992  703  282  372  441  931  975   73  873   53  177  148  784
   421  180  542  252  539   39  357  621  806  712  100   96  603  328
   384  451  914  615  505  476  399  836  549  448  929  603  835  335
   521    0    0    0    0    0    0    0    0    0    0    0    0    0
     0    0    0    0    0    0    0    0    0    0    0    0    0    0
     0    0    0    0    0    0    0    0    0    0    0    0    0    0
     0    0    0    0    0    0]
 [ 992    0  783  337  527  374  609  809  364  475  396  250  432  175
   949  711  839  751  179  559  819   42  257   65  436  995  738  436
   940  371  500  589  933  568  702  249  368  981  234  697  617  466
   657   15    0    0    0    0    0    0    0    0    0    0    0    0
     0    0    0    0    0    0    0    0    0    0    0    0    0    0
     0    0    0    0    0    0    0    0    0    0    0    0    0    0
     0    0    0    0    0    0]
 [ 703  783    0  415   21  995  548  132  441  628  347  328  698  266
   594  649  672  587  420  665  728  847  379  198  146   34  301  945
   743  293   89  681  702  655  784  143  561  408   88   97  414  958
   916  825  921    0    0    0    0    0    0    0    0    0    0    0
     0    0    0    0    0    0    0    0    0    0    0    0    0    0
     0    0    0    0    0    0    0    0    0    0    0    0    0    0
     0    0    0    0    0    0]
 [ 282  337  415    0  332  597  612  235  813   41  407  114  874  961
   505  668  142  505   46   67  967  566  919   86  514  157  514   92
   195  435  466  698  133  172  719  746  722  457  986  157  906  835
   837  637   41   35    0    0    0    0    0    0    0    0    0    0
     0    0    0    0    0    0    0    0    0    0    0    0    0    0
     0    0    0    0    0    0    0    0    0    0    0    0    0    0
     0    0    0    0    0    0]
 [ 372  527   21  332    0  595  272  285  493  302  914  121  424  143
   194  546  356  870  453   70  230  732  874  474  226  968  780  722
   500  226  539   40  102  493  644   84  843  967  267  470  603  249
   673  279  152  707  633    0    0    0    0    0    0    0    0    0
     0    0    0    0    0    0    0    0    0    0    0    0    0    0
     0    0    0    0    0    0    0    0    0    0    0    0    0    0
     0    0    0    0    0    0]
 [ 441  374  995  597  595    0  869  108  508  461  176  590  995  274
   736  744  706  350  128  556  302  381  646  189  879  490  948  841
   451  409  213  518  634  395  284  358   29  740  795  651  987  597
   218  743  648  878  333  471    0    0    0    0    0    0    0    0
     0    0    0    0    0    0    0    0    0    0    0    0    0    0
     0    0    0    0    0    0    0    0    0    0    0    0    0    0
     0    0    0    0    0    0]
 [ 931  609  548  612  272  869    0   30  954  598  901  762  870  128
   990  430  983  729  249   35  535  201  990  888  920  962  369   16
   344  610  425  866  185  853  277   28  452  523  925  237  103  537
   952   83  546  218  224   59  751    0    0    0    0    0    0    0
     0    0    0    0    0    0    0    0    0    0    0    0    0    0
     0    0    0    0    0    0    0    0    0    0    0    0    0    0
     0    0    0    0    0    0]
 [ 975  809  132  235  285  108   30    0  825  732  345  492  408  592
   132  134  413  217  400  311   87  841  445  431  218  978  466  310
   671  246  733  193  373  527  529  596  666  471  603  926  876  460
   748  500  121  807  421  615  828    0    0    0    0    0    0    0
     0    0    0    0    0    0    0    0    0    0    0    0    0    0
     0    0    0    0    0    0    0    0    0    0    0    0    0    0
     0    0    0    0    0    0]
 [  73  364  441  813  493  508  954  825    0  660  271  208  742  560
   585  479  331  965   80  635  857  682   98  696  592  551  391  981
   199  841  885  713  982  524  728   89  290  797  828  666  229  201
   932   96  641  977  274  271   75  604    0    0    0    0    0    0
     0    0    0    0    0    0    0    0    0    0    0    0    0    0
     0    0    0    0    0    0    0    0    0    0    0    0    0    0
     0    0    0    0    0    0]
 [ 873  475  628   41  302  461  598  732  660    0  767   21  498  716
   992  120  367  925  904  858  884  250  246  980  427  148  530  914
   309  634  922  927  128  930  525  895  792  626  338  952  112  928
   970  196  367  646  720   91  595  470   39    0    0    0    0    0
     0    0    0    0    0    0    0    0    0    0    0    0    0    0
     0    0    0    0    0    0    0    0    0    0    0    0    0    0
     0    0    0    0    0    0]
 [  53  396  347  407  914  176  901  345  271  767    0   81  457   33
   853  267  513  717  502  218  790  216  657   55   95  303  367  242
   888  115  974  202  341  610  603   61  532  502  756  280  351   45
   695  454  989  855  359  270  433  907  642  899    0    0    0    0
     0    0    0    0    0    0    0    0    0    0    0    0    0    0
     0    0    0    0    0    0    0    0    0    0    0    0    0    0
     0    0    0    0    0    0]
 [ 177  250  328  114  121  590  762  492  208   21   81    0   56  938
    51  941  703  369  404   39  234  290  806  228  190   27  886  633
   333   39  423  103  837  278  200  364  118  600  227  310  458  655
   301  261  870  926  694  575  274   52  167  337   17    0    0    0
     0    0    0    0    0    0    0    0    0    0    0    0    0    0
     0    0    0    0    0    0    0    0    0    0    0    0    0    0
     0    0    0    0    0    0]
 [ 148  432  698  874  424  995  870  408  742  498  457   56    0  718
   376  233  537  155  629  590  376  919  373  867  367  266  502  299
   625  427  105  379  568  425  186  811  380  456  699  342  607  906
    26    6  631  511  796  690  771  398  404  351   45  806    0    0
     0    0    0    0    0    0    0    0    0    0    0    0    0    0
     0    0    0    0    0    0    0    0    0    0    0    0    0    0
     0    0    0    0    0    0]
 [ 784  175  266  961  143  274  128  592  560  716   33  938  718    0
   608  942  170  910  227  638  399  393  154  884  639  516   37  399
   953  853  114  633  278  740  224  753  358  849  281  789  515  806
   170  347  559  856  281  977  272  261  868  946  340  124  187    0
     0    0    0    0    0    0    0    0    0    0    0    0    0    0
     0    0    0    0    0    0    0    0    0    0    0    0    0    0
     0    0    0    0    0    0]
 [ 421  949  594  505  194  736  990  132  585  992  853   51  376  608
     0  695  764  932  898  999   86  948  549   72  733  604  349  377
   139  774  923  396  748  700  547  620  660   19  509  147  146  300
     5  507  462  379  250  593  515  968  152  779  137  770  885  795
     0    0    0    0    0    0    0    0    0    0    0    0    0    0
     0    0    0    0    0    0    0    0    0    0    0    0    0    0
     0    0    0    0    0    0]
 [ 180  711  649  668  546  744  430  134  479  120  267  941  233  942
   695    0  676   88  887  442  177  187  468  620  526  375  783  250
   614  622  163  736  290  378  669  436  949  357  130  491  745  173
    25  142  143  750  743  735  300   18  218  679   48   86  408  403
   749    0    0    0    0    0    0    0    0    0    0    0    0    0
     0    0    0    0    0    0    0    0    0    0    0    0    0    0
     0    0    0    0    0    0]
 [ 542  839  672  142  356  706  983  413  331  367  513  703  537  170
   764  676    0  893  768  214  555  920  940  304  285  351  315  808
   773  884  989  860  916  807  604  654  993  796  755  122  473   40
   299  986  361  449  111  641  558  682  697  951  429  943  133  599
   648  674    0    0    0    0    0    0    0    0    0    0    0    0
     0    0    0    0    0    0    0    0    0    0    0    0    0    0
     0    0    0    0    0    0]
 [ 252  751  587  505  870  350  729  217  965  925  717  369  155  910
   932   88  893    0  186  508  650  417  954  964  533  863  152  633
   515  444  737  748  288  297  872  748  635  604  203  195  345  465
   480    3  391  853  977  290  352  666  129   65  513  353  186  337
   294  782  392    0    0    0    0    0    0    0    0    0    0    0
     0    0    0    0    0    0    0    0    0    0    0    0    0    0
     0    0    0    0    0    0]
 [ 539  179  420   46  453  128  249  400   80  904  502  404  629  227
   898  887  768  186    0  740  453  627  991  212  774    3  400  419
   125  249  915  776  303  825  821  378  613   40  171  680   82  451
   329  597  129  772  488  641  951   33  688  326  832  180  327  466
   150  297  924  789    0    0    0    0    0    0    0    0    0    0
     0    0    0    0    0    0    0    0    0    0    0    0    0    0
     0    0    0    0    0    0]
 [  39  559  665   67   70  556   35  311  635  858  218   39  590  638
   999  442  214  508  740    0  679  660  106   75  369  824  619  321
   928  556  578  468  777  359  906  448  232  438  509  257  506   82
   986   13  723  810  620  508  586  516  411  822  205  725  398  587
    65  709  386  575   48    0    0    0    0    0    0    0    0    0
     0    0    0    0    0    0    0    0    0    0    0    0    0    0
     0    0    0    0    0    0]
 [ 357  819  728  967  230  302  535   87  857  884  790  234  376  399
    86  177  555  650  453  679    0  121   55  361  135  784  206  193
    84  433  656  869  635  776  938  692  821  918  433  289  576  601
   118  297  873  466  133   29  888  127   89  327  856  131  119  240
   396  375   54  814  910  513    0    0    0    0    0    0    0    0
     0    0    0    0    0    0    0    0    0    0    0    0    0    0
     0    0    0    0    0    0]
 [ 621   42  847  566  732  381  201  841  682  250  216  290  919  393
   948  187  920  417  627  660  121    0   95  936  885  763  836  408
   494  641  965  523  701  965  503   18  187  507   60  648  289  940
   809  223  432  993  991  615  951  250  521  402  779  372  152  476
   324  698  450  609  672  483  670    0    0    0    0    0    0    0
     0    0    0    0    0    0    0    0    0    0    0    0    0    0
     0    0    0    0    0    0]
 [ 806  257  379  919  874  646  990  445   98  246  657  806  373  154
   549  468  940  954  991  106   55   95    0    9  933  334  836  968
   460  122   13  286  248  833  397  707  550  277  700  246  334  886
   268  160  190  462  533  103  226  336  547  478   40  322  427  581
    25  538  212  243  971  546  613  654    0    0    0    0    0    0
     0    0    0    0    0    0    0    0    0    0    0    0    0    0
     0    0    0    0    0    0]
 [ 712   65  198   86  474  189  888  431  696  980   55  228  867  884
    72  620  304  964  212   75  361  936    9    0  347  988  446  769
     8   75  781  568  357  532  453  769  372   24  456  256  321  867
   441  716  779  332   81  791  219  855  718  297  590  832  247  763
   593  733  284  372  283   57  118  373  517    0    0    0    0    0
     0    0    0    0    0    0    0    0    0    0    0    0    0    0
     0    0    0    0    0    0]
 [ 100  436  146  514  226  879  920  218  592  427   95  190  367  639
   733  526  285  533  774  369  135  885  933  347    0   91  527  149
   849  323  316  423  264  964  199   93  241   46  686  220  783  957
   801  319  111  373  844  548  358  842  606  232  965  501  862   13
   665   16  518  866  174  853  444  410  562   69    0    0    0    0
     0    0    0    0    0    0    0    0    0    0    0    0    0    0
     0    0    0    0    0    0]
 [  96  995   34  157  968  490  962  978  551  148  303   27  266  516
   604  375  351  863    3  824  784  763  334  988   91    0  884  567
    80  444  237   21  103  319  870  511  422  357  116  254  389  932
   678  979  117  893   52  550  160  785  227  658  141  360  731  984
   676  569  971  672   82  563  366  113  386  870  987    0    0    0
     0    0    0    0    0    0    0    0    0    0    0    0    0    0
     0    0    0    0    0    0]
 [ 603  738  301  514  780  948  369  466  391  530  367  886  502   37
   349  783  315  152  400  619  206  836  836  446  527  884    0   89
   464  796  409  326  327   72  863  273  701   24  169  671  388  885
   111  162  873  839  297  263  281  286  116  430  782  188  252  252
   938  489  696  739  770  535  563  258  931   56  230  803    0    0
     0    0    0    0    0    0    0    0    0    0    0    0    0    0
     0    0    0    0    0    0]
 [ 328  436  945   92  722  841   16  310  981  914  242  633  299  399
   377  250  808  633  419  321  193  408  968  769  149  567   89    0
   351  843  999  964  948  999  499  783  822  441  308  697  166  355
   983  362  603  983  328  774  607  195  639  366   51  899  292  393
   270  796  910  854  197  371  725  370  568  707  473  447  462    0
     0    0    0    0    0    0    0    0    0    0    0    0    0    0
     0    0    0    0    0    0]
 [ 384  940  743  195  500  451  344  671  199  309  888  333  625  953
   139  614  773  515  125  928   84  494  460    8  849   80  464  351
     0   27  620  420  606  836  635  599  510  440  669  216  858  293
   813  872  905  635  581  332  910  477  177  877  941  324  282  142
   378  851  153  693  428    9  161   23  844  192  278  802  421  317
     0    0    0    0    0    0    0    0    0    0    0    0    0    0
     0    0    0    0    0    0]
 [ 451  371  293  435  226  409  610  246  841  634  115   39  427  853
   774  622  884  444  249  556  433  641  122   75  323  444  796  843
    27    0   69  169  879  206  692  380  214  241  481  561   50  561
    50  573  476  363  171  100  789   24  151  277  862  711  865  196
   327  623  277  323  450  658   83   36  132  949  306  966  592  154
   146    0    0    0    0    0    0    0    0    0    0    0    0    0
     0    0    0    0    0    0]
 [ 914  500   89  466  539  213  425  733  885  922  974  423  105  114
   923  163  989  737  915  578  656  965   13  781  316  237  409  999
   620   69    0  751  432  371  678  429  476  986   13  646  523  819
   794  626  170  464  204  370  931  149  474  954  482  464  312  740
   111  811  792  428  991  487  520  962  146  368  298  196  619   83
   140  326    0    0    0    0    0    0    0    0    0    0    0    0
     0    0    0    0    0    0]
 [ 615  589  681  698   40  518  866  193  713  927  202  103  379  633
   396  736  860  748  776  468  869  523  286  568  423   21  326  964
   420  169  751    0  227  994  594  612   87  975  147  928  954  857
    22  141  290  366  762  322   90  800  753  121  348  637   30  327
   526  531  973  550  162   43  218  235  148  291  563  532   24  395
   662  193  310    0    0    0    0    0    0    0    0    0    0    0
     0    0    0    0    0    0]
 [ 505  933  702  133  102  634  185  373  982  128  341  837  568  278
   748  290  916  288  303  777  635  701  248  357  264  103  327  948
   606  879  432  227    0  297  884  837  363  575  110  771  922  731
    22  621  378  513  109  958  610  349  793  610   44  561  863  198
   117  116  374  139  272  219  181   88  840  750  389  216  273   59
   380  605  860  281    0    0    0    0    0    0    0    0    0    0
     0    0    0    0    0    0]
 [ 476  568  655  172  493  395  853  527  524  930  610  278  425  740
   700  378  807  297  825  359  776  965  833  532  964  319   72  999
   836  206  371  994  297    0  365  354   24  308  850  552  904  222
    70  455  982   42  666  371  560  241  618  617  740  809   51  540
   678  865  478  501  961   57  826  205  897  726  394  556  991  161
    67  323   48  275  465    0    0    0    0    0    0    0    0    0
     0    0    0    0    0    0]
 [ 399  702  784  719  644  284  277  529  728  525  603  200  186  224
   547  669  604  872  821  906  938  503  397  453  199  870  863  499
   635  692  678  594  884  365    0  150  833   78  718  149  413   90
    96  627  594  599  547   91  840  744  504  620  616   68  130  969
  1000   70  214  306  295  640  480 1000   24  188  155  393  888  276
   774  405  771  938  149  269    0    0    0    0    0    0    0    0
     0    0    0    0    0    0]
 [ 836  249  143  746   84  358   28  596   89  895   61  364  811  753
   620  436  654  748  378  448  692   18  707  769   93  511  273  783
   599  380  429  612  837  354  150    0  422  660   61   30   23  651
   250   90  788  947  131  569  764  418  441  961  377  440  195  874
   988  511  202  831  278   43  401  466  545  262  515  147   94  388
   632  274  381  139   85   65  370    0    0    0    0    0    0    0
     0    0    0    0    0    0]
 [ 549  368  561  722  843   29  452  666  290  792  532  118  380  358
   660  949  993  635  613  232  821  187  550  372  241  422  701  822
   510  214  476   87  363   24  833  422    0  521  347  388  749  658
   435  845  131  264  821  431  113  616   55  755  577  385  785  341
   413  191  212  911  788   28  823   84  412  368  998  977  391  474
   442  459  221  492  549  855  372  321    0    0    0    0    0    0
     0    0    0    0    0    0]
 [ 448  981  408  457  967  740  523  471  797  626  502  600  456  849
    19  357  796  604   40  438  918  507  277   24   46  357   24  441
   440  241  986  975  575  308   78  660  521    0  534  822  995  554
   344  685  747  402  830   75  665  700  578  557  756  685   44  484
   545  435  718  947  598  468  105  468  100  361  293  504  675  305
